[0][0]: 179769313486231570814527423731704356798070567525844996598917476803157260780028538760589558632766878171540458953514382464234321326889464182768467546703537516986049910576551282076245490090389328944075868508455133942304583236903222948165808559332123348274797826204144723168738177180919299881250404026184124858368.000000
[0][1]: 22341250.000000
[0][2]: 1450457.000000
[0][3]: 40481433.000000
[0][4]: 13373585.000000
[0][5]: 9793901.000000
[0][6]: 5825090.000000
[0][7]: 316186.000000
[0][8]: 213520.000000
[0][9]: 31962100.000000
[0][10]: 2932165.000000
[0][11]: 2571425.000000
[0][12]: 5603625.000000
[0][13]: 4841608.000000
[0][14]: 1662669.000000
[0][15]: 1007785.000000
[0][16]: 14689490.000000
[0][17]: 5096753.000000
[0][18]: 11688904.000000
[0][19]: 5139220.000000
[0][20]: 8738057.000000
[0][21]: 518338.000000
[0][22]: 2887666.000000
[0][23]: 27858937.000000
[0][24]: 6645490.000000
[0][25]: 36911290.000000
[0][26]: 12003997.000000
[0][27]: 7042033.000000
[0][28]: 13138058.000000
[0][29]: 9702733.000000
[0][30]: 2474825.000000
[0][31]: 15603025.000000
[0][32]: 3053264.000000
[0][33]: 4584901.000000
[0][34]: 45619690.000000
[0][35]: 5674472.000000
[0][36]: 10928948.000000
[0][37]: 1058645.000000
[0][38]: 12455876.000000
[0][39]: 679493.000000
[0][40]: 4782970.000000
[0][41]: 23226580.000000
[0][42]: 12173032.000000
[0][43]: 3790421.000000
[0][44]: 46707905.000000
[0][45]: 2376929.000000
[0][46]: 5657426.000000
[0][47]: 14010642.000000

[1][0]: 22341250.000000
[1][1]: 179769313486231570814527423731704356798070567525844996598917476803157260780028538760589558632766878171540458953514382464234321326889464182768467546703537516986049910576551282076245490090389328944075868508455133942304583236903222948165808559332123348274797826204144723168738177180919299881250404026184124858368.000000
[1][2]: 12869605.000000
[1][3]: 4046785.000000
[1][4]: 3390757.000000
[1][5]: 48675329.000000
[1][6]: 42250036.000000
[1][7]: 26903588.000000
[1][8]: 25277850.000000
[1][9]: 5414162.000000
[1][10]: 17204441.000000
[1][11]: 22304305.000000
[1][12]: 13212625.000000
[1][13]: 9760266.000000
[1][14]: 24069925.000000
[1][15]: 15442157.000000
[1][16]: 55693160.000000
[1][17]: 40158841.000000
[1][18]: 52451370.000000
[1][19]: 26056490.000000
[1][20]: 16345381.000000
[1][21]: 16171424.000000
[1][22]: 13514740.000000
[1][23]: 8194401.000000
[1][24]: 9646820.000000
[1][25]: 3419380.000000
[1][26]: 51450165.000000
[1][27]: 43943705.000000
[1][28]: 1447652.000000
[1][29]: 46418177.000000
[1][30]: 36007025.000000
[1][31]: 11881169.000000
[1][32]: 27585818.000000
[1][33]: 7051969.000000
[1][34]: 9750536.000000
[1][35]: 39355586.000000
[1][36]: 51592066.000000
[1][37]: 31606037.000000
[1][38]: 9511762.000000
[1][39]: 20821069.000000
[1][40]: 7590404.000000
[1][41]: 2530970.000000
[1][42]: 49374530.000000
[1][43]: 38262617.000000
[1][44]: 12049285.000000
[1][45]: 29819765.000000
[1][46]: 19263808.000000
[1][47]: 4356724.000000

[2][0]: 1450457.000000
[2][1]: 12869605.000000
[2][2]: 179769313486231570814527423731704356798070567525844996598917476803157260780028538760589558632766878171540458953514382464234321326889464182768467546703537516986049910576551282076245490090389328944075868508455133942304583236903222948165808559332123348274797826204144723168738177180919299881250404026184124858368.000000
[2][3]: 26646530.000000
[2][4]: 6041104.000000
[2][5]: 13523240.000000
[2][6]: 9427113.000000
[2][7]: 3034561.000000
[2][8]: 2083945.000000
[2][9]: 19909349.000000
[2][10]: 1400968.000000
[2][11]: 2310282.000000
[2][12]: 2241476.000000
[2][13]: 1216045.000000
[2][14]: 2252570.000000
[2][15]: 902954.000000
[2][16]: 18468161.000000
[2][17]: 8424180.000000
[2][18]: 15732205.000000
[2][19]: 4703669.000000
[2][20]: 4879234.000000
[2][21]: 424637.000000
[2][22]: 684125.000000
[2][23]: 17104834.000000
[2][24]: 2302133.000000
[2][25]: 23745749.000000
[2][26]: 15626650.000000
[2][27]: 10582370.000000
[2][28]: 5982833.000000
[2][29]: 12818408.000000
[2][30]: 5956354.000000
[2][31]: 8759386.000000
[2][32]: 3861817.000000
[2][33]: 901160.000000
[2][34]: 30954313.000000
[2][35]: 8497549.000000
[2][36]: 15037065.000000
[2][37]: 4139444.000000
[2][38]: 6160141.000000
[2][39]: 1054602.000000
[2][40]: 1945681.000000
[2][41]: 13082021.000000
[2][42]: 15138125.000000
[2][43]: 7210666.000000
[2][44]: 32037904.000000
[2][45]: 4092490.000000
[2][46]: 3482581.000000
[2][47]: 6553373.000000

[3][0]: 40481433.000000
[3][1]: 4046785.000000
[3][2]: 26646530.000000
[3][3]: 179769313486231570814527423731704356798070567525844996598917476803157260780028538760589558632766878171540458953514382464234321326889464182768467546703537516986049910576551282076245490090389328944075868508455133942304583236903222948165808559332123348274797826204144723168738177180919299881250404026184124858368.000000
[3][4]: 7832570.000000
[3][5]: 65023538.000000
[3][6]: 59703209.000000
[3][7]: 47296825.000000
[3][8]: 43300945.000000
[3][9]: 1964785.000000
[3][10]: 28789714.000000
[3][11]: 35354768.000000
[3][12]: 21892914.000000
[3][13]: 19158157.000000
[3][14]: 38747880.000000
[3][15]: 32588020.000000
[3][16]: 70845749.000000
[3][17]: 57414722.000000
[3][18]: 68813485.000000
[3][19]: 37637401.000000
[3][20]: 23053508.000000
[3][21]: 32562361.000000
[3][22]: 24819085.000000
[3][23]: 5390848.000000
[3][24]: 17450197.000000
[3][25]: 102301.000000
[3][26]: 67004200.000000
[3][27]: 60839200.000000
[3][28]: 7713401.000000
[3][29]: 61748626.000000
[3][30]: 54878336.000000
[3][31]: 14159632.000000
[3][32]: 41738849.000000
[3][33]: 17826298.000000
[3][34]: 2033509.000000
[3][35]: 55513253.000000
[3][36]: 68276837.000000
[3][37]: 50842490.000000
[3][38]: 13457033.000000
[3][39]: 36131336.000000
[3][40]: 21504457.000000
[3][41]: 2825209.000000
[3][42]: 63788005.000000
[3][43]: 56274068.000000
[3][44]: 3520106.000000
[3][45]: 45667940.000000
[3][46]: 28728545.000000
[3][47]: 8087085.000000

[4][0]: 13373585.000000
[4][1]: 3390757.000000
[4][2]: 6041104.000000
[4][3]: 7832570.000000
[4][4]: 179769313486231570814527423731704356798070567525844996598917476803157260780028538760589558632766878171540458953514382464234321326889464182768467546703537516986049910576551282076245490090389328944075868508455133942304583236903222948165808559332123348274797826204144723168738177180919299881250404026184124858368.000000
[4][5]: 28403272.000000
[4][6]: 24462265.000000
[4][7]: 17638865.000000
[4][8]: 14619937.000000
[4][9]: 4044925.000000
[4][10]: 6618440.000000
[4][11]: 9961090.000000
[4][12]: 3698276.000000
[4][13]: 2493781.000000
[4][14]: 11739746.000000
[4][15]: 10101250.000000
[4][16]: 33043441.000000
[4][17]: 22971316.000000
[4][18]: 31102741.000000
[4][19]: 11616013.000000
[4][20]: 4938426.000000
[4][21]: 9399517.000000
[4][22]: 4771133.000000
[4][23]: 3456826.000000
[4][24]: 1960309.000000
[4][25]: 6200693.000000
[4][26]: 30088354.000000
[4][27]: 25344250.000000
[4][28]: 797569.000000
[4][29]: 26423944.000000
[4][30]: 21257018.000000
[4][31]: 2785490.000000
[4][32]: 13520177.000000
[4][33]: 2527592.000000
[4][34]: 9684665.000000
[4][35]: 21913781.000000
[4][36]: 30610801.000000
[4][37]: 18936100.000000
[4][38]: 1565829.000000
[4][39]: 10410802.000000
[4][40]: 5883425.000000
[4][41]: 1365181.000000
[4][42]: 28218229.000000
[4][43]: 22142354.000000
[4][44]: 10502208.000000
[4][45]: 15695426.000000
[4][46]: 7027605.000000
[4][47]: 92285.000000

[5][0]: 9793901.000000
[5][1]: 48675329.000000
[5][2]: 13523240.000000
[5][3]: 65023538.000000
[5][4]: 28403272.000000
[5][5]: 179769313486231570814527423731704356798070567525844996598917476803157260780028538760589558632766878171540458953514382464234321326889464182768467546703537516986049910576551282076245490090389328944075868508455133942304583236903222948165808559332123348274797826204144723168738177180919299881250404026184124858368.000000
[5][6]: 551789.000000
[5][7]: 10293749.000000
[5][8]: 7124429.000000
[5][9]: 48001297.000000
[5][10]: 8009504.000000
[5][11]: 5133386.000000
[5][12]: 11604260.000000
[5][13]: 14846945.000000
[5][14]: 4740746.000000
[5][15]: 16609522.000000
[5][16]: 527085.000000
[5][17]: 774740.000000
[5][18]: 85601.000000
[5][19]: 3721873.000000
[5][20]: 10951546.000000
[5][21]: 13480153.000000
[5][22]: 10983457.000000
[5][23]: 38419826.000000
[5][24]: 15459097.000000
[5][25]: 59982793.000000
[5][26]: 133130.000000
[5][27]: 232018.000000
[5][28]: 33338565.000000
[5][29]: 67840.000000
[5][30]: 2749618.000000
[5][31]: 20365178.000000
[5][32]: 3048349.000000
[5][33]: 19627600.000000
[5][34]: 62558789.000000
[5][35]: 590641.000000
[5][36]: 42485.000000
[5][37]: 4948452.000000
[5][38]: 19661017.000000
[5][39]: 7183898.000000
[5][40]: 25525253.000000
[5][41]: 40745185.000000
[5][42]: 302065.000000
[5][43]: 1495762.000000
[5][44]: 60905128.000000
[5][45]: 2787826.000000
[5][46]: 7310929.000000
[5][47]: 27352481.000000

[6][0]: 5825090.000000
[6][1]: 42250036.000000
[6][2]: 9427113.000000
[6][3]: 59703209.000000
[6][4]: 24462265.000000
[6][5]: 551789.000000
[6][6]: 179769313486231570814527423731704356798070567525844996598917476803157260780028538760589558632766878171540458953514382464234321326889464182768467546703537516986049910576551282076245490090389328944075868508455133942304583236903222948165808559332123348274797826204144723168738177180919299881250404026184124858368.000000
[6][7]: 6087568.000000
[6][8]: 3808186.000000
[6][9]: 44523410.000000
[6][10]: 5663125.000000
[6][11]: 3219705.000000
[6][12]: 9305453.000000
[6][13]: 11593282.000000
[6][14]: 2570165.000000
[6][15]: 11433365.000000
[6][16]: 2156468.000000
[6][17]: 28197.000000
[6][18]: 1039330.000000
[6][19]: 2822954.000000
[6][20]: 9668509.000000
[6][21]: 8958020.000000
[6][22]: 7989032.000000
[6][23]: 36106249.000000
[6][24]: 12609992.000000
[6][25]: 54926504.000000
[6][26]: 1216933.000000
[6][27]: 71249.000000
[6][28]: 28086416.000000
[6][29]: 672941.000000
[6][30]: 838009.000000
[6][31]: 18900505.000000
[6][32]: 1610458.000000
[6][33]: 15131549.000000
[6][34]: 59252500.000000
[6][35]: 109594.000000
[6][36]: 808362.000000
[6][37]: 2199545.000000
[6][38]: 17506690.000000
[6][39]: 4194765.000000
[6][40]: 19485520.000000
[6][41]: 36611258.000000
[6][42]: 1485338.000000
[6][43]: 231625.000000
[6][44]: 58280569.000000
[6][45]: 1109485.000000
[6][46]: 5912308.000000
[6][47]: 23849576.000000

[7][0]: 316186.000000
[7][1]: 26903588.000000
[7][2]: 3034561.000000
[7][3]: 47296825.000000
[7][4]: 17638865.000000
[7][5]: 10293749.000000
[7][6]: 6087568.000000
[7][7]: 179769313486231570814527423731704356798070567525844996598917476803157260780028538760589558632766878171540458953514382464234321326889464182768467546703537516986049910576551282076245490090389328944075868508455133942304583236903222948165808559332123348274797826204144723168738177180919299881250404026184124858368.000000
[7][8]: 515378.000000
[7][9]: 38469370.000000
[7][10]: 5019453.000000
[7][11]: 4204201.000000
[7][12]: 8525317.000000
[7][13]: 7626698.000000
[7][14]: 2844949.000000
[7][15]: 1699765.000000
[7][16]: 15454772.000000
[7][17]: 5430493.000000
[7][18]: 12155114.000000
[7][19]: 7121074.000000
[7][20]: 12153725.000000
[7][21]: 1379860.000000
[7][22]: 5103752.000000
[7][23]: 34094105.000000
[7][24]: 9860680.000000
[7][25]: 43496744.000000
[7][26]: 12693701.000000
[7][27]: 7436545.000000
[7][28]: 16973888.000000
[7][29]: 10492213.000000
[7][30]: 2428489.000000
[7][31]: 20309769.000000
[7][32]: 4332946.000000
[7][33]: 7064549.000000
[7][34]: 53345268.000000
[7][35]: 6305410.000000
[7][36]: 11315938.000000
[7][37]: 968705.000000
[7][38]: 16732682.000000
[7][39]: 1739725.000000
[7][40]: 6470784.000000
[7][41]: 28702402.000000
[7][42]: 13184386.000000
[7][43]: 3944377.000000
[7][44]: 54617489.000000
[7][45]: 3185389.000000
[7][46]: 8286500.000000
[7][47]: 18448840.000000

[8][0]: 213520.000000
[8][1]: 25277850.000000
[8][2]: 2083945.000000
[8][3]: 43300945.000000
[8][4]: 14619937.000000
[8][5]: 7124429.000000
[8][6]: 3808186.000000
[8][7]: 515378.000000
[8][8]: 179769313486231570814527423731704356798070567525844996598917476803157260780028538760589558632766878171540458953514382464234321326889464182768467546703537516986049910576551282076245490090389328944075868508455133942304583236903222948165808559332123348274797826204144723168738177180919299881250404026184124858368.000000
[8][9]: 33504692.000000
[8][10]: 2564741.000000
[8][11]: 1802425.000000
[8][12]: 5427385.000000
[8][13]: 5248296.000000
[8][14]: 940405.000000
[8][15]: 2104337.000000
[8][16]: 11391770.000000
[8][17]: 3225121.000000
[8][18]: 8749800.000000
[8][19]: 3804980.000000
[8][20]: 8034481.000000
[8][21]: 1235834.000000
[8][22]: 2974810.000000
[8][23]: 28574001.000000
[8][24]: 6904250.000000
[8][25]: 39498370.000000
[8][26]: 9040005.000000
[8][27]: 4806665.000000
[8][28]: 15120482.000000
[8][29]: 7075757.000000
[8][30]: 1257665.000000
[8][31]: 15360809.000000
[8][32]: 1881728.000000
[8][33]: 5716069.000000
[8][34]: 47375186.000000
[8][35]: 3709736.000000
[8][36]: 8090596.000000
[8][37]: 372917.000000
[8][38]: 12546532.000000
[8][39]: 455629.000000
[8][40]: 6704594.000000
[8][41]: 24920180.000000
[8][42]: 9230120.000000
[8][43]: 2206637.000000
[8][44]: 48070225.000000
[8][45]: 1235945.000000
[8][46]: 4819498.000000
[8][47]: 15018874.000000

[9][0]: 31962100.000000
[9][1]: 5414162.000000
[9][2]: 19909349.000000
[9][3]: 1964785.000000
[9][4]: 4044925.000000
[9][5]: 48001297.000000
[9][6]: 44523410.000000
[9][7]: 38469370.000000
[9][8]: 33504692.000000
[9][9]: 179769313486231570814527423731704356798070567525844996598917476803157260780028538760589558632766878171540458953514382464234321326889464182768467546703537516986049910576551282076245490090389328944075868508455133942304583236903222948165808559332123348274797826204144723168738177180919299881250404026184124858368.000000
[9][10]: 19284985.000000
[9][11]: 24464105.000000
[9][12]: 13307461.000000
[9][13]: 12250196.000000
[9][14]: 27807181.000000
[9][15]: 26854425.000000
[9][16]: 52065226.000000
[9][17]: 42697181.000000
[9][18]: 50974676.000000
[9][19]: 25211088.000000
[9][20]: 13106041.000000
[9][21]: 25771842.000000
[9][22]: 16721258.000000
[9][23]: 849041.000000
[9][24]: 10282554.000000
[9][25]: 1278818.000000
[9][26]: 49185149.000000
[9][27]: 45064665.000000
[9][28]: 5936074.000000
[9][29]: 44974449.000000
[9][30]: 41948993.000000
[9][31]: 6127225.000000
[9][32]: 29501972.000000
[9][33]: 12946217.000000
[9][34]: 1213810.000000
[9][35]: 40643396.000000
[9][36]: 50704616.000000
[9][37]: 39476425.000000
[9][38]: 6234784.000000
[9][39]: 26622677.000000
[9][40]: 18644410.000000
[9][41]: 876816.000000
[9][42]: 46166724.000000
[9][43]: 42337709.000000
[9][44]: 1607533.000000
[9][45]: 33324161.000000
[9][46]: 18051010.000000
[9][47]: 3663370.000000

[10][0]: 2932165.000000
[10][1]: 17204441.000000
[10][2]: 1400968.000000
[10][3]: 28789714.000000
[10][4]: 6618440.000000
[10][5]: 8009504.000000
[10][6]: 5663125.000000
[10][7]: 5019453.000000
[10][8]: 2564741.000000
[10][9]: 19284985.000000
[10][10]: 179769313486231570814527423731704356798070567525844996598917476803157260780028538760589558632766878171540458953514382464234321326889464182768467546703537516986049910576551282076245490090389328944075868508455133942304583236903222948165808559332123348274797826204144723168738177180919299881250404026184124858368.000000
[10][11]: 342730.000000
[10][12]: 585268.000000
[10][13]: 1058777.000000
[10][14]: 778570.000000
[10][15]: 4160290.000000
[10][16]: 11238533.000000
[10][17]: 4944292.000000
[10][18]: 9607385.000000
[10][19]: 1098649.000000
[10][20]: 1552394.000000
[10][21]: 2638705.000000
[10][22]: 252137.000000
[10][23]: 14748434.000000
[10][24]: 1428577.000000
[10][25]: 25532849.000000
[10][26]: 9252938.000000
[10][27]: 6187954.000000
[10][28]: 8671181.000000
[10][29]: 7159456.000000
[10][30]: 4351954.000000
[10][31]: 5430330.000000
[10][32]: 1239253.000000
[10][33]: 2722064.000000
[10][34]: 29800125.000000
[10][35]: 4544329.000000
[10][36]: 9218557.000000
[10][37]: 3832820.000000
[10][38]: 3985985.000000
[10][39]: 866650.000000
[10][40]: 6314445.000000
[10][41]: 13692073.000000
[10][42]: 8541193.000000
[10][43]: 4566370.000000
[10][44]: 29794664.000000
[10][45]: 1942690.000000
[10][46]: 505193.000000
[10][47]: 6418921.000000

[11][0]: 2571425.000000
[11][1]: 22304305.000000
[11][2]: 2310282.000000
[11][3]: 35354768.000000
[11][4]: 9961090.000000
[11][5]: 5133386.000000
[11][6]: 3219705.000000
[11][7]: 4204201.000000
[11][8]: 1802425.000000
[11][9]: 24464105.000000
[11][10]: 342730.000000
[11][11]: 179769313486231570814527423731704356798070567525844996598917476803157260780028538760589558632766878171540458953514382464234321326889464182768467546703537516986049910576551282076245490090389328944075868508455133942304583236903222948165808559332123348274797826204144723168738177180919299881250404026184124858368.000000
[11][12]: 1685690.000000
[11][13]: 2598373.000000
[11][14]: 164264.000000
[11][15]: 4871540.000000
[11][16]: 7971605.000000
[11][17]: 2683818.000000
[11][18]: 6460549.000000
[11][19]: 481265.000000
[11][20]: 2514052.000000
[11][21]: 3120713.000000
[11][22]: 1101581.000000
[11][23]: 18978832.000000
[11][24]: 3132725.000000
[11][25]: 31724285.000000
[11][26]: 6239272.000000
[11][27]: 3636368.000000
[11][28]: 12389033.000000
[11][29]: 4524458.000000
[11][30]: 2426320.000000
[11][31]: 7716160.000000
[11][32]: 280969.000000
[11][33]: 4712786.000000
[11][34]: 36024805.000000
[11][35]: 2405917.000000
[11][36]: 6108813.000000
[11][37]: 2364050.000000
[11][38]: 6276961.000000
[11][39]: 624168.000000
[11][40]: 8477305.000000
[11][41]: 18289745.000000
[11][42]: 5771357.000000
[11][43]: 2444356.000000
[11][44]: 35787250.000000
[11][45]: 683524.000000
[11][46]: 794641.000000
[11][47]: 9663917.000000

[12][0]: 5603625.000000
[12][1]: 13212625.000000
[12][2]: 2241476.000000
[12][3]: 21892914.000000
[12][4]: 3698276.000000
[12][5]: 11604260.000000
[12][6]: 9305453.000000
[12][7]: 8525317.000000
[12][8]: 5427385.000000
[12][9]: 13307461.000000
[12][10]: 585268.000000
[12][11]: 1685690.000000
[12][12]: 179769313486231570814527423731704356798070567525844996598917476803157260780028538760589558632766878171540458953514382464234321326889464182768467546703537516986049910576551282076245490090389328944075868508455133942304583236903222948165808559332123348274797826204144723168738177180919299881250404026184124858368.000000
[12][13]: 417157.000000
[12][14]: 2692962.000000
[12][15]: 5982826.000000
[12][16]: 14739125.000000
[12][17]: 8434592.000000
[12][18]: 13355077.000000
[12][19]: 2212405.000000
[12][20]: 532754.000000
[12][21]: 4392121.000000
[12][22]: 485113.000000
[12][23]: 9461554.000000
[12][24]: 283105.000000
[12][25]: 19031185.000000
[12][26]: 12717826.000000
[12][27]: 9745474.000000
[12][28]: 6016565.000000
[12][29]: 10357540.000000
[12][30]: 8076050.000000
[12][31]: 2532682.000000
[12][32]: 3207401.000000
[12][33]: 2188180.000000
[12][34]: 22140253.000000
[12][35]: 7682789.000000
[12][36]: 13029377.000000
[12][37]: 7399496.000000
[12][38]: 1517309.000000
[12][39]: 2739746.000000
[12][40]: 6498997.000000
[12][41]: 9005125.000000
[12][42]: 11576101.000000
[12][43]: 8176034.000000
[12][44]: 22052420.000000
[12][45]: 4515962.000000
[12][46]: 570497.000000
[12][47]: 3368313.000000

[13][0]: 4841608.000000
[13][1]: 9760266.000000
[13][2]: 1216045.000000
[13][3]: 19158157.000000
[13][4]: 2493781.000000
[13][5]: 14846945.000000
[13][6]: 11593282.000000
[13][7]: 7626698.000000
[13][8]: 5248296.000000
[13][9]: 12250196.000000
[13][10]: 1058777.000000
[13][11]: 2598373.000000
[13][12]: 417157.000000
[13][13]: 179769313486231570814527423731704356798070567525844996598917476803157260780028538760589558632766878171540458953514382464234321326889464182768467546703537516986049910576551282076245490090389328944075868508455133942304583236903222948165808559332123348274797826204144723168738177180919299881250404026184124858368.000000
[13][14]: 3430129.000000
[13][15]: 4100981.000000
[13][16]: 18910202.000000
[13][17]: 10540525.000000
[13][18]: 16959744.000000
[13][19]: 3987620.000000
[13][20]: 1796197.000000
[13][21]: 3072746.000000
[13][22]: 366178.000000
[13][23]: 9473517.000000
[13][24]: 175394.000000
[13][25]: 16558810.000000
[13][26]: 16411905.000000
[13][27]: 12365957.000000
[13][28]: 3695066.000000
[13][29]: 13613441.000000
[13][30]: 9189245.000000
[13][31]: 3481589.000000
[13][32]: 4585640.000000
[13][33]: 700585.000000
[13][34]: 21091682.000000
[13][35]: 9990032.000000
[13][36]: 16476100.000000
[13][37]: 7772081.000000
[13][38]: 1902820.000000
[13][39]: 2762281.000000
[13][40]: 3730154.000000
[13][41]: 7485572.000000
[13][42]: 15320720.000000
[13][43]: 9842225.000000
[13][44]: 21589285.000000
[13][45]: 5735789.000000
[13][46]: 1824058.000000
[13][47]: 2533570.000000

[14][0]: 1662669.000000
[14][1]: 24069925.000000
[14][2]: 2252570.000000
[14][3]: 38747880.000000
[14][4]: 11739746.000000
[14][5]: 4740746.000000
[14][6]: 2570165.000000
[14][7]: 2844949.000000
[14][8]: 940405.000000
[14][9]: 27807181.000000
[14][10]: 778570.000000
[14][11]: 164264.000000
[14][12]: 2692962.000000
[14][13]: 3430129.000000
[14][14]: 179769313486231570814527423731704356798070567525844996598917476803157260780028538760589558632766878171540458953514382464234321326889464182768467546703537516986049910576551282076245490090389328944075868508455133942304583236903222948165808559332123348274797826204144723168738177180919299881250404026184124858368.000000
[14][15]: 4113796.000000
[14][16]: 7852697.000000
[14][17]: 2065874.000000
[14][18]: 6079825.000000
[14][19]: 970693.000000
[14][20]: 3945092.000000
[14][21]: 2534845.000000
[14][22]: 1568905.000000
[14][23]: 22237672.000000
[14][24]: 4291921.000000
[14][25]: 34983913.000000
[14][26]: 6021760.000000
[14][27]: 3110440.000000
[14][28]: 13762229.000000
[14][29]: 4333354.000000
[14][30]: 1449128.000000
[14][31]: 10009288.000000
[14][32]: 246341.000000
[14][33]: 5229346.000000
[14][34]: 40211065.000000
[14][35]: 2013017.000000
[14][36]: 5657969.000000
[14][37]: 1284746.000000
[14][38]: 8218085.000000
[14][39]: 306080.000000
[14][40]: 8321893.000000
[14][41]: 20874757.000000
[14][42]: 5781145.000000
[14][43]: 1659380.000000
[14][44]: 40157618.000000
[14][45]: 307700.000000
[14][46]: 1680869.000000
[14][47]: 11598057.000000

[15][0]: 1007785.000000
[15][1]: 15442157.000000
[15][2]: 902954.000000
[15][3]: 32588020.000000
[15][4]: 10101250.000000
[15][5]: 16609522.000000
[15][6]: 11433365.000000
[15][7]: 1699765.000000
[15][8]: 2104337.000000
[15][9]: 26854425.000000
[15][10]: 4160290.000000
[15][11]: 4871540.000000
[15][12]: 5982826.000000
[15][13]: 4100981.000000
[15][14]: 4113796.000000
[15][15]: 179769313486231570814527423731704356798070567525844996598917476803157260780028538760589558632766878171540458953514382464234321326889464182768467546703537516986049910576551282076245490090389328944075868508455133942304583236903222948165808559332123348274797826204144723168738177180919299881250404026184124858368.000000
[15][16]: 22647241.000000
[15][17]: 10368266.000000
[15][18]: 19075541.000000
[15][19]: 8406513.000000
[15][20]: 9927376.000000
[15][21]: 194517.000000
[15][22]: 3113633.000000
[15][23]: 24596276.000000
[15][24]: 5972409.000000
[15][25]: 29620193.000000
[15][26]: 19319204.000000
[15][27]: 13025700.000000
[15][28]: 8592469.000000
[15][29]: 16272594.000000
[15][30]: 6613268.000000
[15][31]: 15139540.000000
[15][32]: 6371777.000000
[15][33]: 2526842.000000
[15][34]: 39408265.000000
[15][35]: 10973981.000000
[15][36]: 18152501.000000
[15][37]: 4131850.000000
[15][38]: 11545729.000000
[15][39]: 2176052.000000
[15][40]: 1538725.000000
[15][41]: 18374481.000000
[15][42]: 19268829.000000
[15][43]: 8570504.000000
[15][44]: 41201458.000000
[15][45]: 5890976.000000
[15][46]: 7553005.000000
[15][47]: 11131585.000000

[16][0]: 14689490.000000
[16][1]: 55693160.000000
[16][2]: 18468161.000000
[16][3]: 70845749.000000
[16][4]: 33043441.000000
[16][5]: 527085.000000
[16][6]: 2156468.000000
[16][7]: 15454772.000000
[16][8]: 11391770.000000
[16][9]: 52065226.000000
[16][10]: 11238533.000000
[16][11]: 7971605.000000
[16][12]: 14739125.000000
[16][13]: 18910202.000000
[16][14]: 7852697.000000
[16][15]: 22647241.000000
[16][16]: 179769313486231570814527423731704356798070567525844996598917476803157260780028538760589558632766878171540458953514382464234321326889464182768467546703537516986049910576551282076245490090389328944075868508455133942304583236903222948165808559332123348274797826204144723168738177180919299881250404026184124858368.000000
[16][17]: 2563037.000000
[16][18]: 227162.000000
[16][19]: 5561650.000000
[16][20]: 13078609.000000
[16][21]: 18877576.000000
[16][22]: 14829748.000000
[16][23]: 41377109.000000
[16][24]: 19107460.000000
[16][25]: 65563780.000000
[16][26]: 136361.000000
[16][27]: 1452109.000000
[16][28]: 39267540.000000
[16][29]: 526765.000000
[16][30]: 5683045.000000
[16][31]: 22592597.000000
[16][32]: 5448346.000000
[16][33]: 24906205.000000
[16][34]: 66386768.000000
[16][35]: 2105794.000000
[16][36]: 369722.000000
[16][37]: 8691561.000000
[16][38]: 22578154.000000
[16][39]: 11092001.000000
[16][40]: 32337812.000000
[16][41]: 45501250.000000
[16][42]: 190786.000000
[16][43]: 3793429.000000
[16][44]: 64065265.000000
[16][45]: 5446897.000000
[16][46]: 9594952.000000
[16][47]: 31560308.000000

[17][0]: 5096753.000000
[17][1]: 40158841.000000
[17][2]: 8424180.000000
[17][3]: 57414722.000000
[17][4]: 22971316.000000
[17][5]: 774740.000000
[17][6]: 28197.000000
[17][7]: 5430493.000000
[17][8]: 3225121.000000
[17][9]: 42697181.000000
[17][10]: 4944292.000000
[17][11]: 2683818.000000
[17][12]: 8434592.000000
[17][13]: 10540525.000000
[17][14]: 2065874.000000
[17][15]: 10368266.000000
[17][16]: 2563037.000000
[17][17]: 179769313486231570814527423731704356798070567525844996598917476803157260780028538760589558632766878171540458953514382464234321326889464182768467546703537516986049910576551282076245490090389328944075868508455133942304583236903222948165808559332123348274797826204144723168738177180919299881250404026184124858368.000000
[17][18]: 1356589.000000
[17][19]: 2440685.000000
[17][20]: 8923282.000000
[17][21]: 8002721.000000
[17][22]: 7103633.000000
[17][23]: 34587202.000000
[17][24]: 11561849.000000
[17][25]: 52740425.000000
[17][26]: 1519090.000000
[17][27]: 159122.000000
[17][28]: 26392781.000000
[17][29]: 851156.000000
[17][30]: 629410.000000
[17][31]: 17864314.000000
[17][32]: 1247185.000000
[17][33]: 13866980.000000
[17][34]: 57226597.000000
[17][35]: 81517.000000
[17][36]: 1100025.000000
[17][37]: 1816616.000000
[17][38]: 16403605.000000
[17][39]: 3535506.000000
[17][40]: 18038029.000000
[17][41]: 34842557.000000
[17][42]: 1746605.000000
[17][43]: 125410.000000
[17][44]: 56367700.000000
[17][45]: 785434.000000
[17][46]: 5294953.000000
[17][47]: 22420625.000000

[18][0]: 11688904.000000
[18][1]: 52451370.000000
[18][2]: 15732205.000000
[18][3]: 68813485.000000
[18][4]: 31102741.000000
[18][5]: 85601.000000
[18][6]: 1039330.000000
[18][7]: 12155114.000000
[18][8]: 8749800.000000
[18][9]: 50974676.000000
[18][10]: 9607385.000000
[18][11]: 6460549.000000
[18][12]: 13355077.000000
[18][13]: 16959744.000000
[18][14]: 6079825.000000
[18][15]: 19075541.000000
[18][16]: 227162.000000
[18][17]: 1356589.000000
[18][18]: 179769313486231570814527423731704356798070567525844996598917476803157260780028538760589558632766878171540458953514382464234321326889464182768467546703537516986049910576551282076245490090389328944075868508455133942304583236903222948165808559332123348274797826204144723168738177180919299881250404026184124858368.000000
[18][19]: 4706468.000000
[18][20]: 12389317.000000
[18][21]: 15713930.000000
[18][22]: 12872770.000000
[18][23]: 40861197.000000
[18][24]: 17495426.000000
[18][25]: 63617338.000000
[18][26]: 40545.000000
[18][27]: 587045.000000
[18][28]: 36485114.000000
[18][29]: 191489.000000
[18][30]: 3729053.000000
[18][31]: 22143893.000000
[18][32]: 4108136.000000
[18][33]: 22185001.000000
[18][34]: 65713730.000000
[18][35]: 1125392.000000
[18][36]: 17284.000000
[18][37]: 6261041.000000
[18][38]: 21632740.000000
[18][39]: 8832265.000000
[18][40]: 28549898.000000
[18][41]: 43773572.000000
[18][42]: 235280.000000
[18][43]: 2251985.000000
[18][44]: 63819493.000000
[18][45]: 3848525.000000
[18][46]: 8633434.000000
[18][47]: 29908642.000000

[19][0]: 5139220.000000
[19][1]: 26056490.000000
[19][2]: 4703669.000000
[19][3]: 37637401.000000
[19][4]: 11616013.000000
[19][5]: 3721873.000000
[19][6]: 2822954.000000
[19][7]: 7121074.000000
[19][8]: 3804980.000000
[19][9]: 25211088.000000
[19][10]: 1098649.000000
[19][11]: 481265.000000
[19][12]: 2212405.000000
[19][13]: 3987620.000000
[19][14]: 970693.000000
[19][15]: 8406513.000000
[19][16]: 5561650.000000
[19][17]: 2440685.000000
[19][18]: 4706468.000000
[19][19]: 179769313486231570814527423731704356798070567525844996598917476803157260780028538760589558632766878171540458953514382464234321326889464182768467546703537516986049910576551282076245490090389328944075868508455133942304583236903222948165808559332123348274797826204144723168738177180919299881250404026184124858368.000000
[19][20]: 2044753.000000
[19][21]: 6047802.000000
[19][22]: 2393042.000000
[19][23]: 18772793.000000
[19][24]: 4072770.000000
[19][25]: 33828650.000000
[19][26]: 4321589.000000
[19][27]: 2869281.000000
[19][28]: 15282754.000000
[19][29]: 3001329.000000
[19][30]: 3283625.000000
[19][31]: 7114561.000000
[19][32]: 427220.000000
[19][33]: 7253033.000000
[19][34]: 36348154.000000
[19][35]: 1864628.000000
[19][36]: 4536200.000000
[19][37]: 3960553.000000
[19][38]: 6372880.000000
[19][39]: 2171117.000000
[19][40]: 12540466.000000
[19][41]: 19840320.000000
[19][42]: 3694644.000000
[19][43]: 2692565.000000
[19][44]: 35475325.000000
[19][45]: 1145273.000000
[19][46]: 603034.000000
[19][47]: 10898290.000000

[20][0]: 8738057.000000
[20][1]: 16345381.000000
[20][2]: 4879234.000000
[20][3]: 23053508.000000
[20][4]: 4938426.000000
[20][5]: 10951546.000000
[20][6]: 9668509.000000
[20][7]: 12153725.000000
[20][8]: 8034481.000000
[20][9]: 13106041.000000
[20][10]: 1552394.000000
[20][11]: 2514052.000000
[20][12]: 532754.000000
[20][13]: 1796197.000000
[20][14]: 3945092.000000
[20][15]: 9927376.000000
[20][16]: 13078609.000000
[20][17]: 8923282.000000
[20][18]: 12389317.000000
[20][19]: 2044753.000000
[20][20]: 179769313486231570814527423731704356798070567525844996598917476803157260780028538760589558632766878171540458953514382464234321326889464182768467546703537516986049910576551282076245490090389328944075868508455133942304583236903222948165808559332123348274797826204144723168738177180919299881250404026184124858368.000000
[20][21]: 7721005.000000
[20][22]: 1921625.000000
[20][23]: 8436100.000000
[20][24]: 1127185.000000
[20][25]: 20084633.000000
[20][26]: 11539684.000000
[20][27]: 9725908.000000
[20][28]: 8533405.000000
[20][29]: 9523930.000000
[20][30]: 9698468.000000
[20][31]: 1536740.000000
[20][32]: 3813665.000000
[20][33]: 4728866.000000
[20][34]: 21221009.000000
[20][35]: 7813325.000000
[20][36]: 12254917.000000
[20][37]: 9727906.000000
[20][38]: 1289601.000000
[20][39]: 4719700.000000
[20][40]: 10678445.000000
[20][41]: 9829489.000000
[20][42]: 10164109.000000
[20][43]: 9173576.000000
[20][44]: 20487978.000000
[20][45]: 5542352.000000
[20][46]: 505125.000000
[20][47]: 4167929.000000

[21][0]: 518338.000000
[21][1]: 16171424.000000
[21][2]: 424637.000000
[21][3]: 32562361.000000
[21][4]: 9399517.000000
[21][5]: 13480153.000000
[21][6]: 8958020.000000
[21][7]: 1379860.000000
[21][8]: 1235834.000000
[21][9]: 25771842.000000
[21][10]: 2638705.000000
[21][11]: 3120713.000000
[21][12]: 4392121.000000
[21][13]: 3072746.000000
[21][14]: 2534845.000000
[21][15]: 194517.000000
[21][16]: 18877576.000000
[21][17]: 8002721.000000
[21][18]: 15713930.000000
[21][19]: 6047802.000000
[21][20]: 7721005.000000
[21][21]: 179769313486231570814527423731704356798070567525844996598917476803157260780028538760589558632766878171540458953514382464234321326889464182768467546703537516986049910576551282076245490090389328944075868508455133942304583236903222948165808559332123348274797826204144723168738177180919299881250404026184124858368.000000
[21][22]: 1962788.000000
[21][23]: 22849625.000000
[21][24]: 4687380.000000
[21][25]: 29452292.000000
[21][26]: 15870797.000000
[21][27]: 10316241.000000
[21][28]: 8675092.000000
[21][29]: 13097817.000000
[21][30]: 4944617.000000
[21][31]: 12974761.000000
[21][32]: 4361594.000000
[21][33]: 2236793.000000
[21][34]: 38165320.000000
[21][35]: 8439170.000000
[21][36]: 14904146.000000
[21][37]: 2952637.000000
[21][38]: 9803650.000000
[21][39]: 1079525.000000
[21][40]: 2186356.000000
[21][41]: 17724906.000000
[21][42]: 15746562.000000
[21][43]: 6515105.000000
[21][44]: 39552637.000000
[21][45]: 4044125.000000
[21][46]: 5452960.000000
[21][47]: 10166308.000000

[22][0]: 2887666.000000
[22][1]: 13514740.000000
[22][2]: 684125.000000
[22][3]: 24819085.000000
[22][4]: 4771133.000000
[22][5]: 10983457.000000
[22][6]: 7989032.000000
[22][7]: 5103752.000000
[22][8]: 2974810.000000
[22][9]: 16721258.000000
[22][10]: 252137.000000
[22][11]: 1101581.000000
[22][12]: 485113.000000
[22][13]: 366178.000000
[22][14]: 1568905.000000
[22][15]: 3113633.000000
[22][16]: 14829748.000000
[22][17]: 7103633.000000
[22][18]: 12872770.000000
[22][19]: 2393042.000000
[22][20]: 1921625.000000
[22][21]: 1962788.000000
[22][22]: 179769313486231570814527423731704356798070567525844996598917476803157260780028538760589558632766878171540458953514382464234321326889464182768467546703537516986049910576551282076245490090389328944075868508455133942304583236903222948165808559332123348274797826204144723168738177180919299881250404026184124858368.000000
[22][23]: 13109485.000000
[22][24]: 815264.000000
[22][25]: 21849552.000000
[22][26]: 12504505.000000
[22][27]: 8721365.000000
[22][28]: 6121960.000000
[22][29]: 10036385.000000
[22][30]: 5886877.000000
[22][31]: 5079245.000000
[22][32]: 2487610.000000
[22][33]: 1317537.000000
[22][34]: 26792132.000000
[22][35]: 6748810.000000
[22][36]: 12391538.000000
[22][37]: 4813093.000000
[22][38]: 3359834.000000
[22][39]: 1151393.000000
[22][40]: 4215560.000000
[22][41]: 11153858.000000
[22][42]: 11712650.000000
[22][43]: 6453349.000000
[22][44]: 27169757.000000
[22][45]: 3243385.000000
[22][46]: 1157972.000000
[22][47]: 4792576.000000

[23][0]: 27858937.000000
[23][1]: 8194401.000000
[23][2]: 17104834.000000
[23][3]: 5390848.000000
[23][4]: 3456826.000000
[23][5]: 38419826.000000
[23][6]: 36106249.000000
[23][7]: 34094105.000000
[23][8]: 28574001.000000
[23][9]: 849041.000000
[23][10]: 14748434.000000
[23][11]: 18978832.000000
[23][12]: 9461554.000000
[23][13]: 9473517.000000
[23][14]: 22237672.000000
[23][15]: 24596276.000000
[23][16]: 41377109.000000
[23][17]: 34587202.000000
[23][18]: 40861197.000000
[23][19]: 18772793.000000
[23][20]: 8436100.000000
[23][21]: 22849625.000000
[23][22]: 13109485.000000
[23][23]: 179769313486231570814527423731704356798070567525844996598917476803157260780028538760589558632766878171540458953514382464234321326889464182768467546703537516986049910576551282076245490090389328944075868508455133942304583236903222948165808559332123348274797826204144723168738177180919299881250404026184124858368.000000
[23][24]: 7387445.000000
[23][25]: 4168573.000000
[23][26]: 39110184.000000
[23][27]: 36278048.000000
[23][28]: 6598745.000000
[23][29]: 35586770.000000
[23][30]: 34951808.000000
[23][31]: 2844560.000000
[23][32]: 23105345.000000
[23][33]: 11445946.000000
[23][34]: 2943749.000000
[23][35]: 32469125.000000
[23][36]: 40754437.000000
[23][37]: 33485306.000000
[23][38]: 3426601.000000
[23][39]: 21965320.000000
[23][40]: 18359465.000000
[23][41]: 1617689.000000
[23][42]: 36256709.000000
[23][43]: 34712276.000000
[23][44]: 2651818.000000
[23][45]: 26804132.000000
[23][46]: 12818305.000000
[23][47]: 2683789.000000

[24][0]: 6645490.000000
[24][1]: 9646820.000000
[24][2]: 2302133.000000
[24][3]: 17450197.000000
[24][4]: 1960309.000000
[24][5]: 15459097.000000
[24][6]: 12609992.000000
[24][7]: 9860680.000000
[24][8]: 6904250.000000
[24][9]: 10282554.000000
[24][10]: 1428577.000000
[24][11]: 3132725.000000
[24][12]: 283105.000000
[24][13]: 175394.000000
[24][14]: 4291921.000000
[24][15]: 5972409.000000
[24][16]: 19107460.000000
[24][17]: 11561849.000000
[24][18]: 17495426.000000
[24][19]: 4072770.000000
[24][20]: 1127185.000000
[24][21]: 4687380.000000
[24][22]: 815264.000000
[24][23]: 7387445.000000
[24][24]: 179769313486231570814527423731704356798070567525844996598917476803157260780028538760589558632766878171540458953514382464234321326889464182768467546703537516986049910576551282076245490090389328944075868508455133942304583236903222948165808559332123348274797826204144723168738177180919299881250404026184124858368.000000
[24][25]: 14923280.000000
[24][26]: 16784513.000000
[24][27]: 13211037.000000
[24][28]: 3729256.000000
[24][29]: 14041881.000000
[24][30]: 10714085.000000
[24][31]: 2094133.000000
[24][32]: 5214362.000000
[24][33]: 1353977.000000
[24][34]: 18363892.000000
[24][35]: 10772330.000000
[24][36]: 17103554.000000
[24][37]: 9523309.000000
[24][38]: 934378.000000
[24][39]: 3892265.000000
[24][40]: 5220808.000000
[24][41]: 6283890.000000
[24][42]: 15479658.000000
[24][43]: 11093693.000000
[24][44]: 18589525.000000
[24][45]: 6700241.000000
[24][46]: 1646980.000000
[24][47]: 1793056.000000

[25][0]: 36911290.000000
[25][1]: 3419380.000000
[25][2]: 23745749.000000
[25][3]: 102301.000000
[25][4]: 6200693.000000
[25][5]: 59982793.000000
[25][6]: 54926504.000000
[25][7]: 43496744.000000
[25][8]: 39498370.000000
[25][9]: 1278818.000000
[25][10]: 25532849.000000
[25][11]: 31724285.000000
[25][12]: 19031185.000000
[25][13]: 16558810.000000
[25][14]: 34983913.000000
[25][15]: 29620193.000000
[25][16]: 65563780.000000
[25][17]: 52740425.000000
[25][18]: 63617338.000000
[25][19]: 33828650.000000
[25][20]: 20084633.000000
[25][21]: 29452292.000000
[25][22]: 21849552.000000
[25][23]: 4168573.000000
[25][24]: 14923280.000000
[25][25]: 179769313486231570814527423731704356798070567525844996598917476803157260780028538760589558632766878171540458953514382464234321326889464182768467546703537516986049910576551282076245490090389328944075868508455133942304583236903222948165808559332123348274797826204144723168738177180919299881250404026184124858368.000000
[25][26]: 61873369.000000
[25][27]: 55992581.000000
[25][28]: 6322504.000000
[25][29]: 56832329.000000
[25][30]: 50418925.000000
[25][31]: 11890301.000000
[25][32]: 37769890.000000
[25][33]: 15505353.000000
[25][34]: 1889204.000000
[25][35]: 50893858.000000
[25][36]: 63106490.000000
[25][37]: 46650733.000000
[25][38]: 11213810.000000
[25][39]: 32589857.000000
[25][40]: 19326056.000000
[25][41]: 1857050.000000
[25][42]: 58781474.000000
[25][43]: 51689845.000000
[25][44]: 3231125.000000
[25][45]: 41549593.000000
[25][46]: 25411604.000000
[25][47]: 6389200.000000

[26][0]: 12003997.000000
[26][1]: 51450165.000000
[26][2]: 15626650.000000
[26][3]: 67004200.000000
[26][4]: 30088354.000000
[26][5]: 133130.000000
[26][6]: 1216933.000000
[26][7]: 12693701.000000
[26][8]: 9040005.000000
[26][9]: 49185149.000000
[26][10]: 9252938.000000
[26][11]: 6239272.000000
[26][12]: 12717826.000000
[26][13]: 16411905.000000
[26][14]: 6021760.000000
[26][15]: 19319204.000000
[26][16]: 136361.000000
[26][17]: 1519090.000000
[26][18]: 40545.000000
[26][19]: 4321589.000000
[26][20]: 11539684.000000
[26][21]: 15870797.000000
[26][22]: 12504505.000000
[26][23]: 39110184.000000
[26][24]: 16784513.000000
[26][25]: 61873369.000000
[26][26]: 179769313486231570814527423731704356798070567525844996598917476803157260780028538760589558632766878171540458953514382464234321326889464182768467546703537516986049910576551282076245490090389328944075868508455133942304583236903222948165808559332123348274797826204144723168738177180919299881250404026184124858368.000000
[26][27]: 702440.000000
[26][28]: 35674853.000000
[26][29]: 139178.000000
[26][30]: 4072424.000000
[26][31]: 20868296.000000
[26][32]: 3983957.000000
[26][33]: 21796450.000000
[26][34]: 63506633.000000
[26][35]: 1175849.000000
[26][36]: 93025.000000
[26][37]: 6657194.000000
[26][38]: 20533141.000000
[26][39]: 8852512.000000
[26][40]: 28497941.000000
[26][41]: 42360821.000000
[26][42]: 82025.000000
[26][43]: 2498516.000000
[26][44]: 61519474.000000
[26][45]: 3893780.000000
[26][46]: 8053621.000000
[26][47]: 28816153.000000

[27][0]: 7042033.000000
[27][1]: 43943705.000000
[27][2]: 10582370.000000
[27][3]: 60839200.000000
[27][4]: 25344250.000000
[27][5]: 232018.000000
[27][6]: 71249.000000
[27][7]: 7436545.000000
[27][8]: 4806665.000000
[27][9]: 45064665.000000
[27][10]: 6187954.000000
[27][11]: 3636368.000000
[27][12]: 9745474.000000
[27][13]: 12365957.000000
[27][14]: 3110440.000000
[27][15]: 13025700.000000
[27][16]: 1452109.000000
[27][17]: 159122.000000
[27][18]: 587045.000000
[27][19]: 2869281.000000
[27][20]: 9725908.000000
[27][21]: 10316241.000000
[27][22]: 8721365.000000
[27][23]: 36278048.000000
[27][24]: 13211037.000000
[27][25]: 55992581.000000
[27][26]: 702440.000000
[27][27]: 179769313486231570814527423731704356798070567525844996598917476803157260780028538760589558632766878171540458953514382464234321326889464182768467546703537516986049910576551282076245490090389328944075868508455133942304583236903222948165808559332123348274797826204144723168738177180919299881250404026184124858368.000000
[27][28]: 29445121.000000
[27][29]: 311346.000000
[27][30]: 1392416.000000
[27][31]: 18912592.000000
[27][32]: 1896089.000000
[27][33]: 16347578.000000
[27][34]: 59635549.000000
[27][35]: 126653.000000
[27][36]: 425837.000000
[27][37]: 3039370.000000
[27][38]: 17786353.000000
[27][39]: 5020616.000000
[27][40]: 21286417.000000
[27][41]: 37458369.000000
[27][42]: 910845.000000
[27][43]: 551588.000000
[27][44]: 58418986.000000
[27][45]: 1514900.000000
[27][46]: 6073465.000000
[27][47]: 24569845.000000

[28][0]: 13138058.000000
[28][1]: 1447652.000000
[28][2]: 5982833.000000
[28][3]: 7713401.000000
[28][4]: 797569.000000
[28][5]: 33338565.000000
[28][6]: 28086416.000000
[28][7]: 16973888.000000
[28][8]: 15120482.000000
[28][9]: 5936074.000000
[28][10]: 8671181.000000
[28][11]: 12389033.000000
[28][12]: 6016565.000000
[28][13]: 3695066.000000
[28][14]: 13762229.000000
[28][15]: 8592469.000000
[28][16]: 39267540.000000
[28][17]: 26392781.000000
[28][18]: 36485114.000000
[28][19]: 15282754.000000
[28][20]: 8533405.000000
[28][21]: 8675092.000000
[28][22]: 6121960.000000
[28][23]: 6598745.000000
[28][24]: 3729256.000000
[28][25]: 6322504.000000
[28][26]: 35674853.000000
[28][27]: 29445121.000000
[28][28]: 179769313486231570814527423731704356798070567525844996598917476803157260780028538760589558632766878171540458953514382464234321326889464182768467546703537516986049910576551282076245490090389328944075868508455133942304583236903222948165808559332123348274797826204144723168738177180919299881250404026184124858368.000000
[28][29]: 31493125.000000
[28][30]: 23261449.000000
[28][31]: 6502025.000000
[28][32]: 16397890.000000
[28][33]: 2243125.000000
[28][34]: 12079316.000000
[28][35]: 25711570.000000
[28][36]: 35760146.000000
[28][37]: 19980369.000000
[28][38]: 4391578.000000
[28][39]: 11474477.000000
[28][40]: 3648320.000000
[28][41]: 2251090.000000
[28][42]: 33999058.000000
[28][43]: 24931513.000000
[28][44]: 13716289.000000
[28][45]: 18181069.000000
[28][46]: 10292068.000000
[28][47]: 1430312.000000

[29][0]: 9702733.000000
[29][1]: 46418177.000000
[29][2]: 12818408.000000
[29][3]: 61748626.000000
[29][4]: 26423944.000000
[29][5]: 67840.000000
[29][6]: 672941.000000
[29][7]: 10492213.000000
[29][8]: 7075757.000000
[29][9]: 44974449.000000
[29][10]: 7159456.000000
[29][11]: 4524458.000000
[29][12]: 10357540.000000
[29][13]: 13613441.000000
[29][14]: 4333354.000000
[29][15]: 16272594.000000
[29][16]: 526765.000000
[29][17]: 851156.000000
[29][18]: 191489.000000
[29][19]: 3001329.000000
[29][20]: 9523930.000000
[29][21]: 13097817.000000
[29][22]: 10036385.000000
[29][23]: 35586770.000000
[29][24]: 14041881.000000
[29][25]: 56832329.000000
[29][26]: 139178.000000
[29][27]: 311346.000000
[29][28]: 31493125.000000
[29][29]: 179769313486231570814527423731704356798070567525844996598917476803157260780028538760589558632766878171540458953514382464234321326889464182768467546703537516986049910576551282076245490090389328944075868508455133942304583236903222948165808559332123348274797826204144723168738177180919299881250404026184124858368.000000
[29][30]: 2944274.000000
[29][31]: 18309850.000000
[29][32]: 2634365.000000
[29][33]: 18472400.000000
[29][34]: 58958341.000000
[29][35]: 539345.000000
[29][36]: 176021.000000
[29][37]: 5118244.000000
[29][38]: 17773753.000000
[29][39]: 6790202.000000
[29][40]: 24664645.000000
[29][41]: 38176065.000000
[29][42]: 159633.000000
[29][43]: 1629938.000000
[29][44]: 57253864.000000
[29][45]: 2586194.000000
[29][46]: 6253393.000000
[29][47]: 25314337.000000

[30][0]: 2474825.000000
[30][1]: 36007025.000000
[30][2]: 5956354.000000
[30][3]: 54878336.000000
[30][4]: 21257018.000000
[30][5]: 2749618.000000
[30][6]: 838009.000000
[30][7]: 2428489.000000
[30][8]: 1257665.000000
[30][9]: 41948993.000000
[30][10]: 4351954.000000
[30][11]: 2426320.000000
[30][12]: 8076050.000000
[30][13]: 9189245.000000
[30][14]: 1449128.000000
[30][15]: 6613268.000000
[30][16]: 5683045.000000
[30][17]: 629410.000000
[30][18]: 3729053.000000
[30][19]: 3283625.000000
[30][20]: 9698468.000000
[30][21]: 4944617.000000
[30][22]: 5886877.000000
[30][23]: 34951808.000000
[30][24]: 10714085.000000
[30][25]: 50418925.000000
[30][26]: 4072424.000000
[30][27]: 1392416.000000
[30][28]: 23261449.000000
[30][29]: 2944274.000000
[30][30]: 179769313486231570814527423731704356798070567525844996598917476803157260780028538760589558632766878171540458953514382464234321326889464182768467546703537516986049910576551282076245490090389328944075868508455133942304583236903222948165808559332123348274797826204144723168738177180919299881250404026184124858368.000000
[30][31]: 18744016.000000
[30][32]: 1390545.000000
[30][33]: 11195578.000000
[30][34]: 56922709.000000
[30][35]: 1044693.000000
[30][36]: 3265525.000000
[30][37]: 333658.000000
[30][38]: 16492505.000000
[30][39]: 2066632.000000
[30][40]: 13634521.000000
[30][41]: 33203465.000000
[30][42]: 4471829.000000
[30][43]: 193140.000000
[30][44]: 56791850.000000
[30][45]: 581508.000000
[30][46]: 5778449.000000
[30][47]: 21186365.000000

[31][0]: 15603025.000000
[31][1]: 11881169.000000
[31][2]: 8759386.000000
[31][3]: 14159632.000000
[31][4]: 2785490.000000
[31][5]: 20365178.000000
[31][6]: 18900505.000000
[31][7]: 20309769.000000
[31][8]: 15360809.000000
[31][9]: 6127225.000000
[31][10]: 5430330.000000
[31][11]: 7716160.000000
[31][12]: 2532682.000000
[31][13]: 3481589.000000
[31][14]: 10009288.000000
[31][15]: 15139540.000000
[31][16]: 22592597.000000
[31][17]: 17864314.000000
[31][18]: 22143893.000000
[31][19]: 7114561.000000
[31][20]: 1536740.000000
[31][21]: 12974761.000000
[31][22]: 5079245.000000
[31][23]: 2844560.000000
[31][24]: 2094133.000000
[31][25]: 11890301.000000
[31][26]: 20868296.000000
[31][27]: 18912592.000000
[31][28]: 6502025.000000
[31][29]: 18309850.000000
[31][30]: 18744016.000000
[31][31]: 179769313486231570814527423731704356798070567525844996598917476803157260780028538760589558632766878171540458953514382464234321326889464182768467546703537516986049910576551282076245490090389328944075868508455133942304583236903222948165808559332123348274797826204144723168738177180919299881250404026184124858368.000000
[31][32]: 10136185.000000
[31][33]: 6297218.000000
[31][34]: 11567205.000000
[31][35]: 16248685.000000
[31][36]: 22067389.000000
[31][37]: 18323330.000000
[31][38]: 283697.000000
[31][39]: 10525576.000000
[31][40]: 13044825.000000
[31][41]: 4779937.000000
[31][42]: 18822061.000000
[31][43]: 18186052.000000
[31][44]: 10860866.000000
[31][45]: 12785188.000000
[31][46]: 3765809.000000
[31][47]: 1907053.000000

[32][0]: 3053264.000000
[32][1]: 27585818.000000
[32][2]: 3861817.000000
[32][3]: 41738849.000000
[32][4]: 13520177.000000
[32][5]: 3048349.000000
[32][6]: 1610458.000000
[32][7]: 4332946.000000
[32][8]: 1881728.000000
[32][9]: 29501972.000000
[32][10]: 1239253.000000
[32][11]: 280969.000000
[32][12]: 3207401.000000
[32][13]: 4585640.000000
[32][14]: 246341.000000
[32][15]: 6371777.000000
[32][16]: 5448346.000000
[32][17]: 1247185.000000
[32][18]: 4108136.000000
[32][19]: 427220.000000
[32][20]: 3813665.000000
[32][21]: 4361594.000000
[32][22]: 2487610.000000
[32][23]: 23105345.000000
[32][24]: 5214362.000000
[32][25]: 37769890.000000
[32][26]: 3983957.000000
[32][27]: 1896089.000000
[32][28]: 16397890.000000
[32][29]: 2634365.000000
[32][30]: 1390545.000000
[32][31]: 10136185.000000
[32][32]: 179769313486231570814527423731704356798070567525844996598917476803157260780028538760589558632766878171540458953514382464234321326889464182768467546703537516986049910576551282076245490090389328944075868508455133942304583236903222948165808559332123348274797826204144723168738177180919299881250404026184124858368.000000
[32][33]: 7205749.000000
[32][34]: 41914258.000000
[32][35]: 1042920.000000
[32][36]: 3806980.000000
[32][37]: 1796197.000000
[32][38]: 8773700.000000
[32][39]: 1101469.000000
[32][40]: 11275570.000000
[32][41]: 22912916.000000
[32][42]: 3708392.000000
[32][43]: 1177245.000000
[32][44]: 41412065.000000
[32][45]: 177561.000000
[32][46]: 1547306.000000
[32][47]: 13095770.000000

[33][0]: 4584901.000000
[33][1]: 7051969.000000
[33][2]: 901160.000000
[33][3]: 17826298.000000
[33][4]: 2527592.000000
[33][5]: 19627600.000000
[33][6]: 15131549.000000
[33][7]: 7064549.000000
[33][8]: 5716069.000000
[33][9]: 12946217.000000
[33][10]: 2722064.000000
[33][11]: 4712786.000000
[33][12]: 2188180.000000
[33][13]: 700585.000000
[33][14]: 5229346.000000
[33][15]: 2526842.000000
[33][16]: 24906205.000000
[33][17]: 13866980.000000
[33][18]: 22185001.000000
[33][19]: 7253033.000000
[33][20]: 4728866.000000
[33][21]: 2236793.000000
[33][22]: 1317537.000000
[33][23]: 11445946.000000
[33][24]: 1353977.000000
[33][25]: 15505353.000000
[33][26]: 21796450.000000
[33][27]: 16347578.000000
[33][28]: 2243125.000000
[33][29]: 18472400.000000
[33][30]: 11195578.000000
[33][31]: 6297218.000000
[33][32]: 7205749.000000
[33][33]: 179769313486231570814527423731704356798070567525844996598917476803157260780028538760589558632766878171540458953514382464234321326889464182768467546703537516986049910576551282076245490090389328944075868508455133942304583236903222948165808559332123348274797826204144723168738177180919299881250404026184124858368.000000
[33][34]: 22058549.000000
[33][35]: 13631161.000000
[33][36]: 21487325.000000
[33][37]: 8844772.000000
[33][38]: 3923537.000000
[33][39]: 3643538.000000
[33][40]: 1261493.000000
[33][41]: 7384505.000000
[33][42]: 20836985.000000
[33][43]: 12581482.000000
[33][44]: 23326088.000000
[33][45]: 8057626.000000
[33][46]: 4576529.000000
[33][47]: 3065761.000000

[34][0]: 45619690.000000
[34][1]: 9750536.000000
[34][2]: 30954313.000000
[34][3]: 2033509.000000
[34][4]: 9684665.000000
[34][5]: 62558789.000000
[34][6]: 59252500.000000
[34][7]: 53345268.000000
[34][8]: 47375186.000000
[34][9]: 1213810.000000
[34][10]: 29800125.000000
[34][11]: 36024805.000000
[34][12]: 22140253.000000
[34][13]: 21091682.000000
[34][14]: 40211065.000000
[34][15]: 39408265.000000
[34][16]: 66386768.000000
[34][17]: 57226597.000000
[34][18]: 65713730.000000
[34][19]: 36348154.000000
[34][20]: 21221009.000000
[34][21]: 38165320.000000
[34][22]: 26792132.000000
[34][23]: 2943749.000000
[34][24]: 18363892.000000
[34][25]: 1889204.000000
[34][26]: 63506633.000000
[34][27]: 59635549.000000
[34][28]: 12079316.000000
[34][29]: 58958341.000000
[34][30]: 56922709.000000
[34][31]: 11567205.000000
[34][32]: 41914258.000000
[34][33]: 22058549.000000
[34][34]: 179769313486231570814527423731704356798070567525844996598917476803157260780028538760589558632766878171540458953514382464234321326889464182768467546703537516986049910576551282076245490090389328944075868508455133942304583236903222948165808559332123348274797826204144723168738177180919299881250404026184124858368.000000
[34][35]: 54643594.000000
[34][36]: 65551762.000000
[34][37]: 54302945.000000
[34][38]: 12354290.000000
[34][39]: 39044065.000000
[34][40]: 28931220.000000
[34][41]: 4002058.000000
[34][42]: 59862538.000000
[34][43]: 57086725.000000
[34][44]: 211769.000000
[34][45]: 46626385.000000
[34][46]: 27732008.000000
[34][47]: 9075076.000000

[35][0]: 5674472.000000
[35][1]: 39355586.000000
[35][2]: 8497549.000000
[35][3]: 55513253.000000
[35][4]: 21913781.000000
[35][5]: 590641.000000
[35][6]: 109594.000000
[35][7]: 6305410.000000
[35][8]: 3709736.000000
[35][9]: 40643396.000000
[35][10]: 4544329.000000
[35][11]: 2405917.000000
[35][12]: 7682789.000000
[35][13]: 9990032.000000
[35][14]: 2013017.000000
[35][15]: 10973981.000000
[35][16]: 2105794.000000
[35][17]: 81517.000000
[35][18]: 1125392.000000
[35][19]: 1864628.000000
[35][20]: 7813325.000000
[35][21]: 8439170.000000
[35][22]: 6748810.000000
[35][23]: 32469125.000000
[35][24]: 10772330.000000
[35][25]: 50893858.000000
[35][26]: 1175849.000000
[35][27]: 126653.000000
[35][28]: 25711570.000000
[35][29]: 539345.000000
[35][30]: 1044693.000000
[35][31]: 16248685.000000
[35][32]: 1042920.000000
[35][33]: 13631161.000000
[35][34]: 54643594.000000
[35][35]: 179769313486231570814527423731704356798070567525844996598917476803157260780028538760589558632766878171540458953514382464234321326889464182768467546703537516986049910576551282076245490090389328944075868508455133942304583236903222948165808559332123348274797826204144723168738177180919299881250404026184124858368.000000
[35][36]: 930052.000000
[35][37]: 2376961.000000
[35][38]: 15070196.000000
[35][39]: 3657265.000000
[35][40]: 18363490.000000
[35][41]: 33314324.000000
[35][42]: 1255424.000000
[35][43]: 359721.000000
[35][44]: 53605253.000000
[35][45]: 812277.000000
[35][46]: 4527410.000000
[35][47]: 21225194.000000

[36][0]: 10928948.000000
[36][1]: 51592066.000000
[36][2]: 15037065.000000
[36][3]: 68276837.000000
[36][4]: 30610801.000000
[36][5]: 42485.000000
[36][6]: 808362.000000
[36][7]: 11315938.000000
[36][8]: 8090596.000000
[36][9]: 50704616.000000
[36][10]: 9218557.000000
[36][11]: 6108813.000000
[36][12]: 13029377.000000
[36][13]: 16476100.000000
[36][14]: 5657969.000000
[36][15]: 18152501.000000
[36][16]: 369722.000000
[36][17]: 1100025.000000
[36][18]: 17284.000000
[36][19]: 4536200.000000
[36][20]: 12254917.000000
[36][21]: 14904146.000000
[36][22]: 12391538.000000
[36][23]: 40754437.000000
[36][24]: 17103554.000000
[36][25]: 63106490.000000
[36][26]: 93025.000000
[36][27]: 425837.000000
[36][28]: 35760146.000000
[36][29]: 176021.000000
[36][30]: 3265525.000000
[36][31]: 22067389.000000
[36][32]: 3806980.000000
[36][33]: 21487325.000000
[36][34]: 65551762.000000
[36][35]: 930052.000000
[36][36]: 179769313486231570814527423731704356798070567525844996598917476803157260780028538760589558632766878171540458953514382464234321326889464182768467546703537516986049910576551282076245490090389328944075868508455133942304583236903222948165808559332123348274797826204144723168738177180919299881250404026184124858368.000000
[36][37]: 5664101.000000
[36][38]: 21420040.000000
[36][39]: 8274681.000000
[36][40]: 27558754.000000
[36][41]: 43332392.000000
[36][42]: 324740.000000
[36][43]: 1902745.000000
[36][44]: 63776065.000000
[36][45]: 3478429.000000
[36][46]: 8428498.000000
[36][47]: 29496530.000000

[37][0]: 1058645.000000
[37][1]: 31606037.000000
[37][2]: 4139444.000000
[37][3]: 50842490.000000
[37][4]: 18936100.000000
[37][5]: 4948452.000000
[37][6]: 2199545.000000
[37][7]: 968705.000000
[37][8]: 372917.000000
[37][9]: 39476425.000000
[37][10]: 3832820.000000
[37][11]: 2364050.000000
[37][12]: 7399496.000000
[37][13]: 7772081.000000
[37][14]: 1284746.000000
[37][15]: 4131850.000000
[37][16]: 8691561.000000
[37][17]: 1816616.000000
[37][18]: 6261041.000000
[37][19]: 3960553.000000
[37][20]: 9727906.000000
[37][21]: 2952637.000000
[37][22]: 4813093.000000
[37][23]: 33485306.000000
[37][24]: 9523309.000000
[37][25]: 46650733.000000
[37][26]: 6657194.000000
[37][27]: 3039370.000000
[37][28]: 19980369.000000
[37][29]: 5118244.000000
[37][30]: 333658.000000
[37][31]: 18323330.000000
[37][32]: 1796197.000000
[37][33]: 8844772.000000
[37][34]: 54302945.000000
[37][35]: 2376961.000000
[37][36]: 5664101.000000
[37][37]: 179769313486231570814527423731704356798070567525844996598917476803157260780028538760589558632766878171540458953514382464234321326889464182768467546703537516986049910576551282076245490090389328944075868508455133942304583236903222948165808559332123348274797826204144723168738177180919299881250404026184124858368.000000
[37][38]: 15614689.000000
[37][39]: 1268522.000000
[37][40]: 10220465.000000
[37][41]: 30442201.000000
[37][42]: 7061569.000000
[37][43]: 1003714.000000
[37][44]: 54680548.000000
[37][45]: 903226.000000
[37][46]: 5899045.000000
[37][47]: 19179365.000000

[38][0]: 12455876.000000
[38][1]: 9511762.000000
[38][2]: 6160141.000000
[38][3]: 13457033.000000
[38][4]: 1565829.000000
[38][5]: 19661017.000000
[38][6]: 17506690.000000
[38][7]: 16732682.000000
[38][8]: 12546532.000000
[38][9]: 6234784.000000
[38][10]: 3985985.000000
[38][11]: 6276961.000000
[38][12]: 1517309.000000
[38][13]: 1902820.000000
[38][14]: 8218085.000000
[38][15]: 11545729.000000
[38][16]: 22578154.000000
[38][17]: 16403605.000000
[38][18]: 21632740.000000
[38][19]: 6372880.000000
[38][20]: 1289601.000000
[38][21]: 9803650.000000
[38][22]: 3359834.000000
[38][23]: 3426601.000000
[38][24]: 934378.000000
[38][25]: 11213810.000000
[38][26]: 20533141.000000
[38][27]: 17786353.000000
[38][28]: 4391578.000000
[38][29]: 17773753.000000
[38][30]: 16492505.000000
[38][31]: 283697.000000
[38][32]: 8773700.000000
[38][33]: 3923537.000000
[38][34]: 12354290.000000
[38][35]: 15070196.000000
[38][36]: 21420040.000000
[38][37]: 15614689.000000
[38][38]: 179769313486231570814527423731704356798070567525844996598917476803157260780028538760589558632766878171540458953514382464234321326889464182768467546703537516986049910576551282076245490090389328944075868508455133942304583236903222948165808559332123348274797826204144723168738177180919299881250404026184124858368.000000
[38][39]: 8249005.000000
[38][40]: 9483722.000000
[38][41]: 4046224.000000
[38][42]: 18694516.000000
[38][43]: 16368725.000000
[38][44]: 12092085.000000
[38][45]: 11069225.000000
[38][46]: 3077442.000000
[38][47]: 999290.000000

[39][0]: 679493.000000
[39][1]: 20821069.000000
[39][2]: 1054602.000000
[39][3]: 36131336.000000
[39][4]: 10410802.000000
[39][5]: 7183898.000000
[39][6]: 4194765.000000
[39][7]: 1739725.000000
[39][8]: 455629.000000
[39][9]: 26622677.000000
[39][10]: 866650.000000
[39][11]: 624168.000000
[39][12]: 2739746.000000
[39][13]: 2762281.000000
[39][14]: 306080.000000
[39][15]: 2176052.000000
[39][16]: 11092001.000000
[39][17]: 3535506.000000
[39][18]: 8832265.000000
[39][19]: 2171117.000000
[39][20]: 4719700.000000
[39][21]: 1079525.000000
[39][22]: 1151393.000000
[39][23]: 21965320.000000
[39][24]: 3892265.000000
[39][25]: 32589857.000000
[39][26]: 8852512.000000
[39][27]: 5020616.000000
[39][28]: 11474477.000000
[39][29]: 6790202.000000
[39][30]: 2066632.000000
[39][31]: 10525576.000000
[39][32]: 1101469.000000
[39][33]: 3643538.000000
[39][34]: 39044065.000000
[39][35]: 3657265.000000
[39][36]: 8274681.000000
[39][37]: 1268522.000000
[39][38]: 8249005.000000
[39][39]: 179769313486231570814527423731704356798070567525844996598917476803157260780028538760589558632766878171540458953514382464234321326889464182768467546703537516986049910576551282076245490090389328944075868508455133942304583236903222948165808559332123348274797826204144723168738177180919299881250404026184124858368.000000
[39][40]: 5633821.000000
[39][41]: 19286381.000000
[39][42]: 8657777.000000
[39][43]: 2751460.000000
[39][44]: 39492802.000000
[39][45]: 1023460.000000
[39][46]: 2440525.000000
[39][47]: 10586753.000000

[40][0]: 4782970.000000
[40][1]: 7590404.000000
[40][2]: 1945681.000000
[40][3]: 21504457.000000
[40][4]: 5883425.000000
[40][5]: 25525253.000000
[40][6]: 19485520.000000
[40][7]: 6470784.000000
[40][8]: 6704594.000000
[40][9]: 18644410.000000
[40][10]: 6314445.000000
[40][11]: 8477305.000000
[40][12]: 6498997.000000
[40][13]: 3730154.000000
[40][14]: 8321893.000000
[40][15]: 1538725.000000
[40][16]: 32337812.000000
[40][17]: 18038029.000000
[40][18]: 28549898.000000
[40][19]: 12540466.000000
[40][20]: 10678445.000000
[40][21]: 2186356.000000
[40][22]: 4215560.000000
[40][23]: 18359465.000000
[40][24]: 5220808.000000
[40][25]: 19326056.000000
[40][26]: 28497941.000000
[40][27]: 21286417.000000
[40][28]: 3648320.000000
[40][29]: 24664645.000000
[40][30]: 13634521.000000
[40][31]: 13044825.000000
[40][32]: 11275570.000000
[40][33]: 1261493.000000
[40][34]: 28931220.000000
[40][35]: 18363490.000000
[40][36]: 27558754.000000
[40][37]: 10220465.000000
[40][38]: 9483722.000000
[40][39]: 5633821.000000
[40][40]: 179769313486231570814527423731704356798070567525844996598917476803157260780028538760589558632766878171540458953514382464234321326889464182768467546703537516986049910576551282076245490090389328944075868508455133942304583236903222948165808559332123348274797826204144723168738177180919299881250404026184124858368.000000
[40][41]: 11460802.000000
[40][42]: 27915106.000000
[40][43]: 15974377.000000
[40][44]: 31181921.000000
[40][45]: 11459293.000000
[40][46]: 9761924.000000
[40][47]: 7096648.000000

[41][0]: 23226580.000000
[41][1]: 2530970.000000
[41][2]: 13082021.000000
[41][3]: 2825209.000000
[41][4]: 1365181.000000
[41][5]: 40745185.000000
[41][6]: 36611258.000000
[41][7]: 28702402.000000
[41][8]: 24920180.000000
[41][9]: 876816.000000
[41][10]: 13692073.000000
[41][11]: 18289745.000000
[41][12]: 9005125.000000
[41][13]: 7485572.000000
[41][14]: 20874757.000000
[41][15]: 18374481.000000
[41][16]: 45501250.000000
[41][17]: 34842557.000000
[41][18]: 43773572.000000
[41][19]: 19840320.000000
[41][20]: 9829489.000000
[41][21]: 17724906.000000
[41][22]: 11153858.000000
[41][23]: 1617689.000000
[41][24]: 6283890.000000
[41][25]: 1857050.000000
[41][26]: 42360821.000000
[41][27]: 37458369.000000
[41][28]: 2251090.000000
[41][29]: 38176065.000000
[41][30]: 33203465.000000
[41][31]: 4779937.000000
[41][32]: 22912916.000000
[41][33]: 7384505.000000
[41][34]: 4002058.000000
[41][35]: 33314324.000000
[41][36]: 43332392.000000
[41][37]: 30442201.000000
[41][38]: 4046224.000000
[41][39]: 19286381.000000
[41][40]: 11460802.000000
[41][41]: 179769313486231570814527423731704356798070567525844996598917476803157260780028538760589558632766878171540458953514382464234321326889464182768467546703537516986049910576551282076245490090389328944075868508455133942304583236903222948165808559332123348274797826204144723168738177180919299881250404026184124858368.000000
[41][42]: 39861396.000000
[41][43]: 34070549.000000
[41][44]: 4858285.000000
[41][45]: 25949657.000000
[41][46]: 13539082.000000
[41][47]: 1364578.000000

[42][0]: 12173032.000000
[42][1]: 49374530.000000
[42][2]: 15138125.000000
[42][3]: 63788005.000000
[42][4]: 28218229.000000
[42][5]: 302065.000000
[42][6]: 1485338.000000
[42][7]: 13184386.000000
[42][8]: 9230120.000000
[42][9]: 46166724.000000
[42][10]: 8541193.000000
[42][11]: 5771357.000000
[42][12]: 11576101.000000
[42][13]: 15320720.000000
[42][14]: 5781145.000000
[42][15]: 19268829.000000
[42][16]: 190786.000000
[42][17]: 1746605.000000
[42][18]: 235280.000000
[42][19]: 3694644.000000
[42][20]: 10164109.000000
[42][21]: 15746562.000000
[42][22]: 11712650.000000
[42][23]: 36256709.000000
[42][24]: 15479658.000000
[42][25]: 58781474.000000
[42][26]: 82025.000000
[42][27]: 910845.000000
[42][28]: 33999058.000000
[42][29]: 159633.000000
[42][30]: 4471829.000000
[42][31]: 18822061.000000
[42][32]: 3708392.000000
[42][33]: 20836985.000000
[42][34]: 59862538.000000
[42][35]: 1255424.000000
[42][36]: 324740.000000
[42][37]: 7061569.000000
[42][38]: 18694516.000000
[42][39]: 8657777.000000
[42][40]: 27915106.000000
[42][41]: 39861396.000000
[42][42]: 179769313486231570814527423731704356798070567525844996598917476803157260780028538760589558632766878171540458953514382464234321326889464182768467546703537516986049910576551282076245490090389328944075868508455133942304583236903222948165808559332123348274797826204144723168738177180919299881250404026184124858368.000000
[42][43]: 2808041.000000
[42][44]: 57794629.000000
[42][45]: 3856565.000000
[42][46]: 7081906.000000
[42][47]: 26865898.000000

[43][0]: 3790421.000000
[43][1]: 38262617.000000
[43][2]: 7210666.000000
[43][3]: 56274068.000000
[43][4]: 22142354.000000
[43][5]: 1495762.000000
[43][6]: 231625.000000
[43][7]: 3944377.000000
[43][8]: 2206637.000000
[43][9]: 42337709.000000
[43][10]: 4566370.000000
[43][11]: 2444356.000000
[43][12]: 8176034.000000
[43][13]: 9842225.000000
[43][14]: 1659380.000000
[43][15]: 8570504.000000
[43][16]: 3793429.000000
[43][17]: 125410.000000
[43][18]: 2251985.000000
[43][19]: 2692565.000000
[43][20]: 9173576.000000
[43][21]: 6515105.000000
[43][22]: 6453349.000000
[43][23]: 34712276.000000
[43][24]: 11093693.000000
[43][25]: 51689845.000000
[43][26]: 2498516.000000
[43][27]: 551588.000000
[43][28]: 24931513.000000
[43][29]: 1629938.000000
[43][30]: 193140.000000
[43][31]: 18186052.000000
[43][32]: 1177245.000000
[43][33]: 12581482.000000
[43][34]: 57086725.000000
[43][35]: 359721.000000
[43][36]: 1902745.000000
[43][37]: 1003714.000000
[43][38]: 16368725.000000
[43][39]: 2751460.000000
[43][40]: 15974377.000000
[43][41]: 34070549.000000
[43][42]: 2808041.000000
[43][43]: 179769313486231570814527423731704356798070567525844996598917476803157260780028538760589558632766878171540458953514382464234321326889464182768467546703537516986049910576551282076245490090389328944075868508455133942304583236903222948165808559332123348274797826204144723168738177180919299881250404026184124858368.000000
[43][44]: 56551970.000000
[43][45]: 553320.000000
[43][46]: 5401337.000000
[43][47]: 21806405.000000

[44][0]: 46707905.000000
[44][1]: 12049285.000000
[44][2]: 32037904.000000
[44][3]: 3520106.000000
[44][4]: 10502208.000000
[44][5]: 60905128.000000
[44][6]: 58280569.000000
[44][7]: 54617489.000000
[44][8]: 48070225.000000
[44][9]: 1607533.000000
[44][10]: 29794664.000000
[44][11]: 35787250.000000
[44][12]: 22052420.000000
[44][13]: 21589285.000000
[44][14]: 40157618.000000
[44][15]: 41201458.000000
[44][16]: 64065265.000000
[44][17]: 56367700.000000
[44][18]: 63819493.000000
[44][19]: 35475325.000000
[44][20]: 20487978.000000
[44][21]: 39552637.000000
[44][22]: 27169757.000000
[44][23]: 2651818.000000
[44][24]: 18589525.000000
[44][25]: 3231125.000000
[44][26]: 61519474.000000
[44][27]: 58418986.000000
[44][28]: 13716289.000000
[44][29]: 57253864.000000
[44][30]: 56791850.000000
[44][31]: 10860866.000000
[44][32]: 41412065.000000
[44][33]: 23326088.000000
[44][34]: 211769.000000
[44][35]: 53605253.000000
[44][36]: 63776065.000000
[44][37]: 54680548.000000
[44][38]: 12092085.000000
[44][39]: 39492802.000000
[44][40]: 31181921.000000
[44][41]: 4858285.000000
[44][42]: 57794629.000000
[44][43]: 56551970.000000
[44][44]: 179769313486231570814527423731704356798070567525844996598917476803157260780028538760589558632766878171540458953514382464234321326889464182768467546703537516986049910576551282076245490090389328944075868508455133942304583236903222948165808559332123348274797826204144723168738177180919299881250404026184124858368.000000
[44][45]: 46299698.000000
[44][46]: 27119349.000000
[44][47]: 9616925.000000

[45][0]: 2376929.000000
[45][1]: 29819765.000000
[45][2]: 4092490.000000
[45][3]: 45667940.000000
[45][4]: 15695426.000000
[45][5]: 2787826.000000
[45][6]: 1109485.000000
[45][7]: 3185389.000000
[45][8]: 1235945.000000
[45][9]: 33324161.000000
[45][10]: 1942690.000000
[45][11]: 683524.000000
[45][12]: 4515962.000000
[45][13]: 5735789.000000
[45][14]: 307700.000000
[45][15]: 5890976.000000
[45][16]: 5446897.000000
[45][17]: 785434.000000
[45][18]: 3848525.000000
[45][19]: 1145273.000000
[45][20]: 5542352.000000
[45][21]: 4044125.000000
[45][22]: 3243385.000000
[45][23]: 26804132.000000
[45][24]: 6700241.000000
[45][25]: 41549593.000000
[45][26]: 3893780.000000
[45][27]: 1514900.000000
[45][28]: 18181069.000000
[45][29]: 2586194.000000
[45][30]: 581508.000000
[45][31]: 12785188.000000
[45][32]: 177561.000000
[45][33]: 8057626.000000
[45][34]: 46626385.000000
[45][35]: 812277.000000
[45][36]: 3478429.000000
[45][37]: 903226.000000
[45][38]: 11069225.000000
[45][39]: 1023460.000000
[45][40]: 11459293.000000
[45][41]: 25949657.000000
[45][42]: 3856565.000000
[45][43]: 553320.000000
[45][44]: 46299698.000000
[45][45]: 179769313486231570814527423731704356798070567525844996598917476803157260780028538760589558632766878171540458953514382464234321326889464182768467546703537516986049910576551282076245490090389328944075868508455133942304583236903222948165808559332123348274797826204144723168738177180919299881250404026184124858368.000000
[45][46]: 2701109.000000
[45][47]: 15423257.000000

[46][0]: 5657426.000000
[46][1]: 19263808.000000
[46][2]: 3482581.000000
[46][3]: 28728545.000000
[46][4]: 7027605.000000
[46][5]: 7310929.000000
[46][6]: 5912308.000000
[46][7]: 8286500.000000
[46][8]: 4819498.000000
[46][9]: 18051010.000000
[46][10]: 505193.000000
[46][11]: 794641.000000
[46][12]: 570497.000000
[46][13]: 1824058.000000
[46][14]: 1680869.000000
[46][15]: 7553005.000000
[46][16]: 9594952.000000
[46][17]: 5294953.000000
[46][18]: 8633434.000000
[46][19]: 603034.000000
[46][20]: 505125.000000
[46][21]: 5452960.000000
[46][22]: 1157972.000000
[46][23]: 12818305.000000
[46][24]: 1646980.000000
[46][25]: 25411604.000000
[46][26]: 8053621.000000
[46][27]: 6073465.000000
[46][28]: 10292068.000000
[46][29]: 6253393.000000
[46][30]: 5778449.000000
[46][31]: 3765809.000000
[46][32]: 1547306.000000
[46][33]: 4576529.000000
[46][34]: 27732008.000000
[46][35]: 4527410.000000
[46][36]: 8428498.000000
[46][37]: 5899045.000000
[46][38]: 3077442.000000
[46][39]: 2440525.000000
[46][40]: 9761924.000000
[46][41]: 13539082.000000
[46][42]: 7081906.000000
[46][43]: 5401337.000000
[46][44]: 27119349.000000
[46][45]: 2701109.000000
[46][46]: 179769313486231570814527423731704356798070567525844996598917476803157260780028538760589558632766878171540458953514382464234321326889464182768467546703537516986049910576551282076245490090389328944075868508455133942304583236903222948165808559332123348274797826204144723168738177180919299881250404026184124858368.000000
[46][47]: 6406100.000000

[47][0]: 14010642.000000
[47][1]: 4356724.000000
[47][2]: 6553373.000000
[47][3]: 8087085.000000
[47][4]: 92285.000000
[47][5]: 27352481.000000
[47][6]: 23849576.000000
[47][7]: 18448840.000000
[47][8]: 15018874.000000
[47][9]: 3663370.000000
[47][10]: 6418921.000000
[47][11]: 9663917.000000
[47][12]: 3368313.000000
[47][13]: 2533570.000000
[47][14]: 11598057.000000
[47][15]: 11131585.000000
[47][16]: 31560308.000000
[47][17]: 22420625.000000
[47][18]: 29908642.000000
[47][19]: 10898290.000000
[47][20]: 4167929.000000
[47][21]: 10166308.000000
[47][22]: 4792576.000000
[47][23]: 2683789.000000
[47][24]: 1793056.000000
[47][25]: 6389200.000000
[47][26]: 28816153.000000
[47][27]: 24569845.000000
[47][28]: 1430312.000000
[47][29]: 25314337.000000
[47][30]: 21186365.000000
[47][31]: 1907053.000000
[47][32]: 13095770.000000
[47][33]: 3065761.000000
[47][34]: 9075076.000000
[47][35]: 21225194.000000
[47][36]: 29496530.000000
[47][37]: 19179365.000000
[47][38]: 999290.000000
[47][39]: 10586753.000000
[47][40]: 7096648.000000
[47][41]: 1364578.000000
[47][42]: 26865898.000000
[47][43]: 21806405.000000
[47][44]: 9616925.000000
[47][45]: 15423257.000000
[47][46]: 6406100.000000
[47][47]: 179769313486231570814527423731704356798070567525844996598917476803157260780028538760589558632766878171540458953514382464234321326889464182768467546703537516986049910576551282076245490090389328944075868508455133942304583236903222948165808559332123348274797826204144723168738177180919299881250404026184124858368.000000

